1|BRF_ID_REG|2.327163130167537|106217933
2|UNLINK_REG|1.4220361170368911|23661464
3|LINKATTR1_REG_REG_INT|1.2993886371199876|21114832
4|BR_ID|0.9009701894893121|20288542
5|IEQ_REG_REG_INT|0.8906057302725092|44976728
6|LOAD_REG_INT|0.7672609153236372|26213730
7|BRT_ID_REG|0.6894975733468769|25695584
8|ICOPY_REG_REG|0.5406298463946783|11798440
9|IADD_REG_REG_INT|0.5232111999332804|15487561
10|IGT_REG_REG_REG|0.5201297659722762|21177162
11|LINKSETATTRSLINKADD_REG_REG_INT_INT_REG_REG_INT|0.513317898483075|5568392
12|COPY_REG_REG|0.4779345217932214|4740404
13|IGETUNLINK_REG_REG|0.4761042690155782|6558972
14|SETTP_REG_INT|0.4459597871163345|7089174
15|ISETATTR1_REG_INT_REG|0.4116663074751694|5069458
16|ILT_REG_REG_INT|0.39865482284639714|9564399
17|SCOPY_REG_REG|0.3846067075016936|12015125
18|FADD_REG_REG_REG|0.3811486689249983|49170882
19|FMULT_REG_REG_REG|0.38112286709903287|49170282
20|IADD_REG_REG_REG|0.37575775768725994|6926844
21|BCTP_ID_REG|0.34416760367155164|19282528
22|BRTF_ID_ID_REG|0.31050482563937865|3535272
23|NUMSCI_INT_INT_INT|0.28301417309951543|4734270
24|REFVALID_REG_REG|0.27850271847787433|7930400
25|UNLINKN_REG_REG|0.2729133262884291|4132180
26|LOAD_REG_STRING|0.2421883078576256|7963655
27|ASSERTINITIALIZED_REG|0.2206946856653814|2762286
28|ISETUNLINK_REG_REG|0.21901548404767973|1776900
29|SETLINKILOAD_REG_REG_INT_REG_REG_INT|0.2167890425004469|1606900
30|ILT_REG_REG_REG|0.2067912477562251|10366476
31|ISUB_REG_REG_INT|0.19959596794663484|5299618
32|MINLINKATTR1_REG_REG_REG_INT|0.19233894452724418|2118640
33|IGT_REG_REG_INT|0.18425012190620654|5780522
34|BGETU8_REG_REG_REG|0.17776822891569466|11892048
35|BTOI_REG|0.15657141209214498|3978312
36|STRLEN_REG_REG|0.15592548980487952|5175216
37|RET|0.14446402728259738|1484560
38|BCF_ID_REG|0.14297616129467391|1178720
39|NULLN_REG_REG_REG_REG|0.14148420447776452|4157304
40|FMULT_REG_REG_FLOAT|0.1309242475713129|16891094
41|FGT_REG_REG_FLOAT|0.12704112771185072|16390098
42|FSUB_REG_REG_REG|0.12704104170576414|16390096
43|BNE_ID_REG_INT|0.1201532380873806|3456796
44|INE_REG_REG_INT|0.10796878409119468|2992153
45|SUBSTRING_REG_REG_REG_REG|0.10363354229894602|3160091
46|RET_REG|0.10193445799368847|1398092
47|ISETUNLINKN_REG_REG_REG|0.1012510170607088|1153662
48|SWAPN_REG_REG_REG_REG_REG_REG_REG_REG|0.0995355499128097|7600012
49|CALL2_REG_FUNC_REG_REG|0.09546991689457436|1070202
50|NULL_REG|0.09331077279000423|1992928
51|ISUB_REG_REG_REG|0.0907701507099156|2975731
52|CALL3_REG_FUNC_REG_REG_REG|0.08087968001421934|964048
53|DTOS_REG|0.07954126450922072|1850000
54|STEMGET_REG_REG_REG|0.07954126450922072|1850000
55|IMOD_REG_REG_INT|0.07294894689533599|2033888
56|SEQ_REG_REG_STRING|0.0707530470895079|2960436
57|SETLINKATTR1_REG_REG_INT_REG|0.06744218205611638|499900
58|STRPOS_REG_REG_REG|0.06665058933499997|2207600
59|GETATTRS_REG_REG_INT|0.06402913373157007|392266
60|BGE_ID_REG_INT|0.06167897788340296|2513682
61|ENDLIFE_REG|0.061055930804441626|1163986
62|ISUB_REG_INT_REG|0.058085866123557005|1869722
63|MINLINKATTR1_REG_REG_INT|0.05644864760655191|4310026
64|IMULT_REG_REG_INT|0.055588532834123426|1873968
65|CALL4_REG_FUNC_REG_REG_REG_REG|0.05460316746713872|1042806
66|CONCAT_REG_REG_STRING|0.053451987768455986|1243206
67|BSETU8_REG_REG_REG|0.05339404222755121|2394048
68|STOD_REG|0.05281539963412256|1228400
69|SETOBJUNINIT_REG_STRING|0.049095361961514816|327920
70|REQ_REG_REG_STRING|0.048764586766614305|1288128
71|MKREF_REG_REG|0.04848919377847448|1026800
72|RNE_REG_REG_STRING|0.048327598794310825|1782402
73|DADD_REG_REG_REG|0.044543108125163614|1036000
74|DGT_REG_REG_REG|0.044543108125163614|1036000
75|STEMSET_REG_REG_REG|0.04390677800908984|1021200
76|BGE_ID_REG_REG|0.04325886074176221|2340004
77|NULLN_REG_REG_REG|0.04197865861173764|1740005
78|ILOADSETUNLINKN_REG_REG_INT_REG|0.041333877191178515|364198
79|IDIV_REG_REG_INT|0.04042977021624547|1730998
80|IGTE_REG_REG_INT|0.039941953175871306|1103857
81|NULLN_REG_REG|0.039697805024637996|1130400
82|SWAP_REG_REG|0.038499913082317164|695166
83|BGETU8_REG_BINARY_REG|0.037849506302957796|2890000
84|RET_INT|0.03675372759214488|1854828
85|BLE_ID_REG_INT|0.03623832247428076|1339410
86|IGTE_REG_REG_REG|0.03595380041644015|1034040
87|UNLINKBR_REG_ID|0.03428152714660945|232350
88|BEQ_ID_REG_INT|0.03261646203420482|1515304
89|BRTPANDT_ID_REG_INT|0.031937225462615924|194824
90|INSATTRS1_REG_REG_REG|0.03177714233838666|191120
91|CONCAT_REG_STRING_REG|0.026727584895719893|621624
92|DCOPY_REG_REG|0.026725864875098163|621600
93|ASSERTTYPE_REG_STRING|0.02452672053103|163820
94|SWAPN_REG_REG_REG_REG|0.023050537267749756|801922
95|SWAPSETTPSWAP_REG_REG_REG_INT_REG|0.023050310282004688|801920
96|SETLINKATTR1_REG_REG_INT_REG_INT|0.021031364209296292|185310
97|SETATTRS_REG_INT|0.019622820934856604|139104
98|SETOBJTYPE_REG_STRING|0.019417036315429168|136668
99|LOADSETTPSWAP_REG_INT_REG_INT_REG|0.018668369212920193|1421642
100|SETTPCALL_REG_FUNC_REG_REG_INT|0.01844396507202312|122840
101|SWAPCALL_REG_FUNC_REG_REG_REG|0.01843878029324633|1402404
102|SWAPSETTP_REG_REG_REG_INT|0.018156638856835217|109204
103|REQ_REG_REG_REG|0.01786188040898569|415438
104|DEQ_REG_REG_REG|0.017817243250065444|414400
105|DLT_REG_REG_REG|0.017817243250065444|414400
106|DMULT_REG_REG_REG|0.017180913133991678|399600
107|IEQ_REG_REG_REG|0.015608381006363083|1362306
108|SETTPSWAPCALL_REG_FUNC_REG_REG_INT_REG|0.013882609793398995|101920
109|SETTPSWAPSETTPSWAP_REG_INT_REG_REG_REG|0.012048977785024628|920000
110|LOAD_REG_FLOAT|0.011678828064702345|1501214
111|SWAPN_REG_REG_REG_REG_REG_REG|0.009167872500778797|700004
112|INE_REG_REG_REG|0.009167801996855407|700004
113|ITOS_REG|0.008912505269851576|207256
114|APPEND_REG_REG|0.008911256680091934|207242
115|CONCAT_REG_REG_REG|0.008908838242863046|207206
116|PARSEPOS2_REG_REG_REG_INT|0.008908621625032722|207200
117|PARSEWORDS3D_REG_REG_REG_REG|0.008908621625032722|207200
118|PARSEWORDS3_REG_REG_REG_REG|0.008908621625032722|207200
119|STEMRESET_REG_REG|0.008908621625032722|207200
120|ITOF_REG_REG|0.00776666974935715|1002002
121|BGT_ID_REG_REG|0.007649870213149472|343000
122|FDIVSUB_REG_REG_REG_FLOAT|0.003883291871635299|501000
123|ISHL_REG_REG_INT|0.0038755407900551886|500000
124|SETTPSWAP_REG_INT_REG|0.002619342996744484|200000
125|ILTE_REG_REG_INT|0.002488461852993811|190002
126|IAND_REG_REG_INT|0.0022696304649371716|19998
127|ILTE_REG_REG_REG|0.0017025729478839147|130000
128|BLEN_REG_REG|0.00150772555666764|113008
129|BLT_ID_REG_REG|0.0014406386482094663|110000
130|CALL1_REG_FUNC_REG|0.0013110258165411272|30424
131|BLT_ID_REG_INT|0.001178876360708121|90004
132|IXOR_REG_REG_INT|0.001133112839380574|9984
133|BCMPB_REG_REG_REG|0.0006548803548433405|50002
134|LOAD_REG_BINARY|0.000546171427958662|41000
135|IXOR_REG_REG_REG|0.0004883181395469538|63000
136|STOBIN_REG|0.0002619342996744484|20000
137|BCOPY_REG_REG|0.00015326997844698943|11000
138|LOADSETTP2_REG_INT_REG_INT|0.00013113916201032725|10004
139|RGT_REG_REG_STRING|0.0001309671498372242|10000
140|RLT_REG_REG_STRING|0.0001309671498372242|10000
141|STRUPPER_REG_REG|0.00012178461855696503|2832
142|CALL_REG_FUNC_REG|8.703106813293977e-05|2014
143|FNDNBLNK_REG_REG_REG|7.164307009742364e-05|1666
144|STRCHAR_REG_REG_REG|7.142862950308256e-05|1661
145|FCOPY_REG_REG|5.1947676277123503e-05|1208
146|FDIV_REG_REG_FLOAT|5.1775664104020445e-05|1204
147|FTOS_REG|5.1775664104020445e-05|1204
148|BPOFF|5.1603651930917386e-05|1200
149|CALL_REG_FUNC|5.1603651930917386e-05|1200
150|ITOF_REG|5.1603651930917386e-05|1200
151|MTIME_REG|5.1603651930917386e-05|1200
152|BRESIZE_REG_REG|4.465026287674998e-05|2002
153|NOT_REG_REG|3.715462939026052e-05|864
154|GETANDTP_REG_REG_INT|3.6466580697848286e-05|848
155|STOF_REG|2.5801825965458693e-05|600
156|BINTOS_REG|2.230282860976522e-05|1000
157|RET_STRING|1.7201217310305798e-05|400
158|INC1|1.3301440911840377e-05|80
159|ISHL_REG_REG_REG|7.751081580110378e-06|1000
160|SCONCAT_REG_REG_STRING|2.8516728895352096e-06|48
161|SAY_REG|2.0640449679382802e-06|32
162|SAY_STRING|1.9780388813867517e-06|30
163|STOI_REG|1.6340145351806357e-06|22
164|STRLOWER_REG_REG|1.3760973848244636e-06|32
165|APPENDCHAR_REG_REG|8.176324442772684e-07|19
166|POSCHAR_REG_REG_REG|6.880486924122318e-07|16
167|LOAD_REG_DECIMAL|5.160365193091738e-07|12
168|SETNUMFUZ_INT|4.300304327576449e-07|10
169|SETNUMSTD_INT|4.300304327576449e-07|10
170|BNE_ID_REG_REG|3.440243462061159e-07|8
171|SCONCAT_REG_STRING_REG|3.440243462061159e-07|8
172|BLE_ID_REG_REG|1.7201217310305795e-07|4
173|FDIV_REG_FLOAT_REG|1.7201217310305795e-07|4
174|SETNUMCAS_INT|1.7201217310305795e-07|4
175|FDIV_REG_REG_REG|8.600608655152898e-08|2
176|FEQ_REG_REG_FLOAT|8.600608655152898e-08|2
